1 3 1
1 7 1
1 8 1
1 36 1
1 38 1
1 43 1
12 10 1
12 13 1
12 20 1
12 21 1
12 22 1
12 31 1
12 37 1
12 51 1
23 3 1
23 38 1
23 40 1
23 59 1
34 62 1
34 7 1
34 57 1
45 48 1
56 2 1
56 6 1
56 53 1
56 54 1
60 2 1
60 6 1
60 10 1
60 51 1
60 53 1
60 54 1
61 13 1
61 21 1
61 25 1
61 36 1
61 51 1
62 34 1
62 14 1
62 22 1
62 32 1
62 41 1
62 57 1
2 56 1
2 60 1
2 6 1
2 10 1
2 27 1
2 37 1
2 54 1
3 1 1
3 23 1
3 24 1
3 38 1
3 43 1
4 48 1
5 28 1
6 56 1
6 60 1
6 2 1
6 10 1
6 27 1
6 37 1
6 51 1
6 54 1
7 1 1
7 34 1
7 9 1
7 18 1
7 28 1
7 29 1
7 32 1
7 33 1
7 36 1
7 39 1
7 47 1
7 49 1
8 1 1
8 11 1
8 18 1
8 36 1
8 41 1
8 52 1
8 57 1
9 7 1
9 14 1
9 28 1
9 32 1
9 33 1
9 47 1
10 12 1
10 60 1
10 2 1
10 6 1
10 16 1
10 19 1
10 21 1
10 26 1
10 54 1
11 8 1
11 14 1
11 15 1
11 18 1
11 24 1
11 41 1
11 48 1
13 12 1
13 61 1
13 25 1
13 51 1
14 62 1
14 9 1
14 11 1
14 22 1
14 31 1
14 33 1
14 40 1
14 43 1
14 47 1
15 11 1
15 24 1
15 28 1
15 32 1
15 41 1
15 48 1
16 10 1
17 31 1
17 41 1
17 48 1
18 7 1
18 8 1
18 11 1
18 24 1
18 41 1
18 48 1
19 10 1
19 20 1
19 21 1
20 12 1
20 19 1
20 21 1
21 12 1
21 61 1
21 10 1
21 19 1
21 20 1
22 12 1
22 62 1
22 14 1
22 25 1
22 43 1
24 3 1
24 11 1
24 15 1
24 18 1
24 30 1
24 39 1
24 41 1
24 48 1
24 49 1
25 61 1
25 13 1
25 22 1
25 38 1
25 43 1
26 10 1
27 2 1
27 6 1
27 58 1
28 5 1
28 7 1
28 9 1
28 15 1
28 29 1
28 32 1
28 33 1
28 36 1
28 39 1
28 47 1
29 7 1
29 28 1
29 32 1
29 40 1
29 46 1
30 24 1
31 12 1
31 14 1
31 17 1
31 32 1
31 35 1
31 36 1
31 57 1
32 62 1
32 7 1
32 9 1
32 15 1
32 28 1
32 29 1
32 31 1
32 36 1
32 39 1
32 41 1
32 59 1
33 7 1
33 9 1
33 14 1
33 28 1
33 39 1
33 40 1
33 49 1
33 55 1
35 31 1
35 54 1
36 1 1
36 61 1
36 7 1
36 8 1
36 28 1
36 31 1
36 32 1
36 49 1
37 12 1
37 2 1
37 6 1
37 51 1
37 54 1
38 1 1
38 23 1
38 3 1
38 25 1
38 43 1
38 47 1
39 7 1
39 24 1
39 28 1
39 32 1
39 33 1
39 42 1
39 50 1
40 23 1
40 14 1
40 29 1
40 33 1
41 62 1
41 8 1
41 11 1
41 15 1
41 17 1
41 18 1
41 24 1
41 32 1
41 47 1
41 48 1
41 57 1
42 39 1
42 46 1
43 1 1
43 3 1
43 14 1
43 22 1
43 25 1
43 38 1
44 54 1
46 29 1
46 42 1
47 7 1
47 9 1
47 14 1
47 28 1
47 38 1
47 41 1
47 48 1
48 45 1
48 4 1
48 11 1
48 15 1
48 17 1
48 18 1
48 24 1
48 41 1
48 47 1
48 52 1
49 7 1
49 24 1
49 33 1
49 36 1
50 39 1
50 59 1
51 12 1
51 60 1
51 61 1
51 6 1
51 13 1
51 37 1
51 54 1
52 8 1
52 48 1
53 56 1
53 60 1
54 56 1
54 60 1
54 2 1
54 6 1
54 10 1
54 35 1
54 37 1
54 44 1
54 51 1
55 33 1
57 34 1
57 62 1
57 8 1
57 31 1
57 41 1
58 27 1
59 23 1
59 32 1
59 50 1