1 177 1
1 116 1
1 128 1
1 136 1
1 140 1
1 156 1
1 171 1
1 175 1
1 179 1
1 194 1
1 197 1
1 198 1
1 3 1
1 4 1
1 6 1
1 7 1
1 11 1
1 37 1
1 38 1
1 62 1
1 67 1
1 77 1
1 81 1
111 46 1
111 149 1
111 58 1
122 19 1
122 61 1
122 76 1
122 82 1
133 144 1
133 35 1
133 118 1
133 174 1
133 183 1
133 5 1
133 44 1
133 54 1
133 61 1
133 64 1
133 76 1
133 78 1
133 82 1
133 83 1
133 86 1
133 100 1
144 35 1
144 101 1
144 113 1
144 118 1
144 119 1
144 120 1
144 121 1
144 146 1
144 148 1
144 149 1
144 152 1
144 170 1
144 172 1
144 173 1
144 174 1
144 176 1
144 183 1
144 184 1
144 189 1
144 195 1
144 196 1
144 5 1
144 29 1
144 31 1
144 33 1
144 42 1
144 44 1
144 47 1
144 51 1
144 54 1
144 56 1
144 61 1
144 63 1
144 64 1
144 72 1
144 76 1
144 78 1
144 82 1
144 83 1
144 86 1
144 100 1
144 103 1
144 106 1
144 108 1
144 109 1
155 60 1
155 65 1
166 2 1
166 13 1
166 46 1
166 101 1
166 129 1
166 143 1
166 148 1
166 150 1
166 151 1
166 152 1
166 156 1
166 157 1
166 163 1
166 165 1
166 167 1
166 168 1
166 169 1
166 171 1
166 179 1
166 181 1
166 185 1
166 192 1
166 193 1
166 194 1
166 6 1
166 11 1
166 15 1
166 16 1
166 17 1
166 18 1
166 27 1
166 30 1
166 32 1
166 34 1
166 36 1
166 38 1
166 42 1
166 48 1
166 53 1
166 58 1
166 59 1
166 66 1
166 70 1
166 73 1
166 77 1
166 80 1
166 81 1
166 87 1
166 88 1
166 96 1
166 102 1
166 104 1
166 105 1
166 106 1
166 107 1
166 108 1
166 109 1
177 128 1
177 140 1
177 156 1
177 187 1
177 194 1
177 197 1
177 198 1
177 3 1
177 4 1
177 14 1
177 22 1
177 26 1
177 37 1
177 38 1
177 42 1
177 49 1
177 62 1
177 77 1
177 81 1
177 84 1
188 13 1
188 115 1
188 125 1
188 131 1
188 168 1
188 178 1
188 15 1
188 20 1
188 21 1
188 22 1
188 26 1
188 27 1
188 41 1
188 43 1
188 45 1
188 61 1
188 71 1
188 77 1
188 89 1
188 100 1
2 13 1
2 46 1
2 143 1
2 148 1
2 152 1
2 156 1
2 157 1
2 165 1
2 167 1
2 168 1
2 171 1
2 185 1
2 6 1
2 16 1
2 17 1
2 18 1
2 32 1
2 36 1
2 48 1
2 59 1
2 66 1
2 70 1
2 73 1
2 104 1
2 107 1
2 108 1
13 115 1
13 125 1
13 131 1
13 143 1
13 148 1
13 152 1
13 168 1
13 178 1
13 16 1
13 17 1
13 18 1
13 41 1
13 45 1
13 66 1
13 70 1
13 71 1
13 73 1
13 89 1
13 100 1
13 108 1
24 90 1
24 101 1
24 124 1
24 143 1
24 148 1
24 149 1
24 150 1
24 151 1
24 152 1
24 156 1
24 157 1
24 168 1
24 170 1
24 181 1
24 18 1
24 34 1
24 80 1
24 106 1
24 107 1
24 108 1
24 109 1
35 117 1
35 118 1
35 120 1
35 170 1
35 183 1
35 184 1
35 191 1
35 5 1
35 33 1
35 47 1
35 54 1
35 55 1
35 56 1
35 61 1
35 63 1
35 64 1
35 76 1
35 78 1
35 82 1
35 83 1
35 86 1
35 100 1
35 103 1
46 149 1
46 156 1
46 157 1
46 165 1
46 167 1
46 185 1
46 195 1
46 16 1
46 18 1
46 32 1
46 36 1
46 48 1
46 58 1
46 59 1
46 66 1
46 70 1
46 73 1
46 96 1
46 97 1
46 104 1
46 106 1
46 107 1
57 68 1
57 116 1
57 142 1
57 179 1
57 190 1
57 7 1
57 8 1
57 10 1
68 116 1
68 142 1
68 175 1
68 179 1
68 190 1
68 7 1
68 8 1
68 10 1
79 158 1
79 42 1
90 101 1
90 121 1
90 124 1
90 145 1
90 148 1
90 149 1
90 150 1
90 151 1
90 152 1
90 156 1
90 157 1
90 170 1
90 174 1
90 184 1
90 186 1
90 189 1
90 195 1
90 18 1
90 33 1
90 34 1
90 37 1
90 38 1
90 42 1
90 47 1
90 54 1
90 56 1
90 66 1
90 76 1
90 82 1
90 94 1
90 95 1
90 103 1
90 106 1
90 107 1
90 108 1
90 109 1
101 112 1
101 124 1
101 143 1
101 148 1
101 149 1
101 150 1
101 151 1
101 152 1
101 156 1
101 157 1
101 167 1
101 34 1
101 36 1
101 42 1
101 96 1
101 104 1
101 106 1
101 107 1
101 108 1
101 109 1
112 116 1
112 156 1
112 167 1
112 175 1
112 178 1
112 185 1
112 42 1
112 43 1
112 66 1
112 77 1
114 137 1
114 179 1
114 181 1
114 197 1
114 198 1
114 3 1
114 4 1
114 8 1
114 11 1
114 37 1
114 38 1
114 42 1
114 73 1
114 80 1
114 84 1
114 88 1
114 93 1
114 106 1
114 109 1
115 125 1
115 131 1
115 156 1
115 178 1
115 15 1
115 41 1
115 45 1
115 71 1
115 77 1
115 89 1
115 100 1
116 128 1
116 136 1
116 137 1
116 140 1
116 142 1
116 156 1
116 171 1
116 175 1
116 178 1
116 179 1
116 190 1
116 198 1
116 3 1
116 6 1
116 7 1
116 8 1
116 10 1
116 11 1
116 38 1
116 42 1
116 62 1
116 77 1
116 81 1
116 84 1
116 93 1
117 191 1
117 21 1
117 55 1
117 56 1
117 61 1
118 120 1
118 121 1
118 170 1
118 174 1
118 183 1
118 184 1
118 189 1
118 195 1
118 5 1
118 29 1
118 33 1
118 44 1
118 47 1
118 54 1
118 56 1
118 61 1
118 63 1
118 64 1
118 76 1
118 78 1
118 82 1
118 83 1
118 86 1
118 88 1
118 95 1
118 100 1
118 103 1
118 110 1
119 121 1
119 146 1
119 173 1
119 195 1
119 31 1
119 33 1
119 51 1
119 54 1
119 56 1
119 61 1
119 76 1
119 82 1
120 121 1
120 170 1
120 174 1
120 183 1
120 184 1
120 189 1
120 195 1
120 5 1
120 29 1
120 33 1
120 44 1
120 47 1
120 54 1
120 56 1
120 61 1
120 63 1
120 64 1
120 76 1
120 82 1
120 83 1
120 86 1
120 95 1
120 100 1
120 103 1
120 110 1
121 146 1
121 170 1
121 173 1
121 174 1
121 184 1
121 186 1
121 189 1
121 195 1
121 196 1
121 29 1
121 31 1
121 33 1
121 42 1
121 44 1
121 47 1
121 51 1
121 54 1
121 56 1
121 61 1
121 76 1
121 78 1
121 82 1
121 86 1
121 95 1
121 103 1
121 110 1
123 127 1
124 125 1
124 148 1
124 149 1
124 150 1
124 151 1
124 152 1
124 156 1
124 157 1
124 9 1
124 15 1
124 28 1
124 34 1
124 80 1
124 106 1
124 107 1
124 108 1
124 109 1
125 126 1
125 128 1
125 131 1
125 134 1
125 138 1
125 153 1
125 156 1
125 157 1
125 158 1
125 159 1
125 160 1
125 161 1
125 162 1
125 178 1
125 190 1
125 197 1
125 198 1
125 3 1
125 4 1
125 8 1
125 9 1
125 10 1
125 11 1
125 12 1
125 14 1
125 15 1
125 27 1
125 28 1
125 37 1
125 38 1
125 41 1
125 45 1
125 62 1
125 71 1
125 77 1
125 89 1
125 100 1
126 128 1
126 131 1
126 134 1
126 138 1
126 153 1
126 156 1
126 158 1
126 159 1
126 160 1
126 161 1
126 162 1
126 190 1
126 197 1
126 198 1
126 3 1
126 4 1
126 8 1
126 9 1
126 10 1
126 11 1
126 12 1
126 14 1
126 20 1
126 23 1
126 27 1
126 28 1
126 37 1
126 38 1
126 40 1
126 41 1
126 62 1
126 77 1
126 89 1
127 167 1
127 181 1
127 104 1
128 134 1
128 138 1
128 140 1
128 153 1
128 156 1
128 158 1
128 159 1
128 160 1
128 161 1
128 162 1
128 164 1
128 171 1
128 175 1
128 194 1
128 197 1
128 198 1
128 3 1
128 4 1
128 6 1
128 7 1
128 8 1
128 9 1
128 10 1
128 11 1
128 12 1
128 14 1
128 27 1
128 28 1
128 37 1
128 38 1
128 41 1
128 62 1
128 75 1
128 77 1
128 80 1
128 81 1
128 89 1
128 98 1
129 143 1
129 148 1
129 149 1
129 150 1
129 151 1
129 156 1
129 163 1
129 167 1
129 169 1
129 179 1
129 181 1
129 185 1
129 34 1
129 58 1
129 66 1
129 70 1
129 73 1
129 80 1
129 84 1
129 88 1
129 104 1
129 106 1
129 107 1
129 108 1
129 109 1
130 189 1
130 39 1
130 61 1
130 63 1
130 91 1
131 134 1
131 138 1
131 159 1
131 178 1
131 190 1
131 8 1
131 20 1
131 23 1
131 40 1
131 41 1
131 45 1
131 71 1
131 89 1
131 100 1
132 146 1
132 178 1
132 20 1
132 56 1
132 61 1
132 92 1
134 138 1
134 153 1
134 156 1
134 158 1
134 159 1
134 160 1
134 161 1
134 162 1
134 190 1
134 197 1
134 198 1
134 3 1
134 4 1
134 8 1
134 9 1
134 10 1
134 11 1
134 12 1
134 14 1
134 20 1
134 23 1
134 27 1
134 28 1
134 37 1
134 38 1
134 40 1
134 41 1
134 62 1
134 77 1
134 89 1
135 139 1
135 174 1
135 184 1
135 186 1
135 195 1
135 196 1
135 42 1
136 140 1
136 145 1
136 179 1
136 7 1
136 9 1
136 28 1
136 42 1
136 67 1
136 93 1
136 94 1
137 154 1
137 175 1
137 179 1
137 180 1
137 181 1
137 197 1
137 198 1
137 3 1
137 4 1
137 8 1
137 11 1
137 22 1
137 26 1
137 27 1
137 37 1
137 38 1
137 42 1
137 50 1
137 66 1
137 71 1
137 73 1
137 80 1
137 84 1
137 88 1
137 93 1
137 106 1
137 109 1
138 145 1
138 153 1
138 156 1
138 158 1
138 159 1
138 160 1
138 161 1
138 162 1
138 164 1
138 190 1
138 197 1
138 198 1
138 3 1
138 4 1
138 8 1
138 9 1
138 10 1
138 11 1
138 12 1
138 14 1
138 27 1
138 28 1
138 37 1
138 38 1
138 41 1
138 45 1
138 62 1
138 75 1
138 77 1
138 81 1
138 89 1
138 98 1
139 174 1
139 184 1
139 186 1
139 195 1
139 196 1
139 42 1
140 145 1
140 156 1
140 179 1
140 194 1
140 197 1
140 198 1
140 3 1
140 4 1
140 7 1
140 9 1
140 28 1
140 37 1
140 38 1
140 62 1
140 67 1
140 77 1
140 81 1
140 94 1
141 63 1
141 76 1
141 91 1
142 179 1
142 190 1
142 7 1
142 8 1
142 10 1
143 147 1
143 148 1
143 149 1
143 152 1
143 156 1
143 163 1
143 165 1
143 167 1
143 168 1
143 176 1
143 181 1
143 189 1
143 16 1
143 17 1
143 18 1
143 22 1
143 26 1
143 30 1
143 32 1
143 36 1
143 42 1
143 49 1
143 50 1
143 56 1
143 58 1
143 66 1
143 70 1
143 71 1
143 73 1
143 84 1
143 88 1
143 96 1
143 104 1
143 106 1
143 107 1
143 108 1
145 148 1
145 151 1
145 156 1
145 160 1
145 161 1
145 162 1
145 164 1
145 179 1
145 186 1
145 9 1
145 14 1
145 15 1
145 18 1
145 28 1
145 37 1
145 38 1
145 45 1
145 66 1
145 75 1
145 77 1
145 89 1
145 94 1
145 108 1
146 172 1
146 173 1
146 176 1
146 195 1
146 31 1
146 33 1
146 42 1
146 51 1
146 54 1
146 56 1
146 61 1
146 76 1
146 82 1
146 84 1
146 92 1
147 148 1
147 156 1
147 181 1
147 186 1
147 108 1
148 149 1
148 150 1
148 151 1
148 152 1
148 156 1
148 157 1
148 163 1
148 168 1
148 179 1
148 181 1
148 186 1
148 15 1
148 16 1
148 17 1
148 18 1
148 34 1
148 37 1
148 38 1
148 56 1
148 58 1
148 66 1
148 70 1
148 73 1
148 80 1
148 88 1
148 94 1
148 106 1
148 107 1
148 108 1
148 109 1
149 150 1
149 151 1
149 152 1
149 156 1
149 157 1
149 163 1
149 165 1
149 167 1
149 181 1
149 185 1
149 192 1
149 193 1
149 195 1
149 15 1
149 30 1
149 34 1
149 36 1
149 53 1
149 56 1
149 58 1
149 66 1
149 70 1
149 73 1
149 77 1
149 80 1
149 84 1
149 87 1
149 88 1
149 97 1
149 102 1
149 104 1
149 105 1
149 106 1
149 107 1
149 108 1
149 109 1
150 151 1
150 152 1
150 156 1
150 157 1
150 163 1
150 179 1
150 181 1
150 34 1
150 58 1
150 66 1
150 73 1
150 80 1
150 88 1
150 106 1
150 107 1
150 108 1
150 109 1
151 152 1
151 156 1
151 157 1
151 163 1
151 179 1
151 181 1
151 186 1
151 15 1
151 18 1
151 34 1
151 37 1
151 38 1
151 58 1
151 66 1
151 73 1
151 80 1
151 88 1
151 94 1
151 106 1
151 107 1
151 108 1
151 109 1
152 156 1
152 157 1
152 167 1
152 168 1
152 181 1
152 187 1
152 15 1
152 16 1
152 17 1
152 18 1
152 26 1
152 34 1
152 36 1
152 42 1
152 49 1
152 66 1
152 70 1
152 73 1
152 96 1
152 104 1
152 106 1
152 107 1
152 108 1
152 109 1
153 156 1
153 158 1
153 159 1
153 160 1
153 161 1
153 162 1
153 197 1
153 198 1
153 3 1
153 4 1
153 8 1
153 9 1
153 10 1
153 11 1
153 12 1
153 14 1
153 27 1
153 28 1
153 37 1
153 38 1
153 41 1
153 62 1
153 71 1
153 77 1
153 89 1
153 98 1
153 99 1
154 180 1
154 198 1
154 3 1
154 22 1
154 26 1
154 27 1
154 42 1
154 50 1
154 66 1
154 71 1
154 84 1
156 157 1
156 158 1
156 159 1
156 160 1
156 161 1
156 162 1
156 164 1
156 165 1
156 167 1
156 169 1
156 175 1
156 178 1
156 179 1
156 181 1
156 186 1
156 187 1
156 190 1
156 192 1
156 193 1
156 194 1
156 197 1
156 198 1
156 3 1
156 4 1
156 8 1
156 9 1
156 10 1
156 11 1
156 12 1
156 14 1
156 15 1
156 16 1
156 18 1
156 22 1
156 26 1
156 27 1
156 28 1
156 30 1
156 32 1
156 34 1
156 36 1
156 37 1
156 38 1
156 41 1
156 42 1
156 48 1
156 49 1
156 53 1
156 58 1
156 59 1
156 62 1
156 66 1
156 70 1
156 73 1
156 75 1
156 77 1
156 81 1
156 84 1
156 89 1
156 94 1
156 98 1
156 102 1
156 104 1
156 105 1
156 106 1
156 107 1
156 108 1
156 109 1
157 165 1
157 167 1
157 9 1
157 15 1
157 16 1
157 18 1
157 28 1
157 32 1
157 34 1
157 36 1
157 48 1
157 59 1
157 66 1
157 87 1
157 104 1
157 106 1
157 107 1
157 108 1
157 109 1
158 159 1
158 160 1
158 161 1
158 162 1
158 197 1
158 198 1
158 3 1
158 4 1
158 8 1
158 9 1
158 10 1
158 11 1
158 12 1
158 14 1
158 27 1
158 28 1
158 37 1
158 38 1
158 41 1
158 62 1
158 77 1
158 89 1
159 160 1
159 161 1
159 162 1
159 190 1
159 197 1
159 198 1
159 3 1
159 4 1
159 8 1
159 9 1
159 10 1
159 11 1
159 12 1
159 14 1
159 27 1
159 28 1
159 37 1
159 38 1
159 41 1
159 62 1
159 77 1
159 89 1
160 161 1
160 162 1
160 197 1
160 198 1
160 3 1
160 4 1
160 8 1
160 9 1
160 10 1
160 11 1
160 12 1
160 14 1
160 27 1
160 28 1
160 37 1
160 38 1
160 41 1
160 45 1
160 62 1
160 77 1
160 80 1
160 89 1
161 162 1
161 197 1
161 198 1
161 3 1
161 4 1
161 8 1
161 9 1
161 10 1
161 11 1
161 12 1
161 14 1
161 27 1
161 28 1
161 37 1
161 38 1
161 41 1
161 42 1
161 45 1
161 62 1
161 77 1
161 80 1
161 89 1
162 197 1
162 198 1
162 3 1
162 4 1
162 8 1
162 9 1
162 10 1
162 11 1
162 12 1
162 14 1
162 27 1
162 28 1
162 37 1
162 38 1
162 41 1
162 42 1
162 45 1
162 62 1
162 77 1
162 80 1
162 89 1
162 93 1
163 167 1
163 179 1
163 181 1
163 182 1
163 185 1
163 6 1
163 32 1
163 40 1
163 41 1
163 42 1
163 56 1
163 58 1
163 66 1
163 67 1
163 73 1
163 80 1
163 84 1
163 88 1
163 104 1
163 106 1
163 107 1
163 108 1
164 198 1
164 4 1
164 38 1
164 41 1
164 62 1
164 75 1
164 77 1
164 81 1
164 94 1
164 98 1
165 167 1
165 170 1
165 184 1
165 185 1
165 186 1
165 189 1
165 192 1
165 193 1
165 194 1
165 195 1
165 198 1
165 11 1
165 12 1
165 14 1
165 15 1
165 16 1
165 18 1
165 22 1
165 26 1
165 27 1
165 30 1
165 32 1
165 36 1
165 38 1
165 42 1
165 48 1
165 49 1
165 50 1
165 53 1
165 58 1
165 59 1
165 66 1
165 70 1
165 73 1
165 77 1
165 81 1
165 84 1
165 85 1
165 87 1
165 94 1
165 97 1
165 102 1
165 104 1
165 105 1
165 106 1
165 107 1
167 170 1
167 181 1
167 184 1
167 185 1
167 186 1
167 192 1
167 193 1
167 194 1
167 195 1
167 198 1
167 11 1
167 14 1
167 15 1
167 16 1
167 18 1
167 22 1
167 26 1
167 27 1
167 30 1
167 32 1
167 36 1
167 38 1
167 42 1
167 48 1
167 49 1
167 50 1
167 53 1
167 58 1
167 59 1
167 66 1
167 70 1
167 73 1
167 76 1
167 77 1
167 80 1
167 81 1
167 84 1
167 85 1
167 87 1
167 88 1
167 94 1
167 96 1
167 97 1
167 102 1
167 104 1
167 105 1
167 106 1
167 107 1
168 169 1
168 171 1
168 181 1
168 6 1
168 15 1
168 16 1
168 17 1
168 18 1
168 20 1
168 21 1
168 22 1
168 26 1
168 27 1
168 43 1
168 58 1
168 61 1
168 66 1
168 70 1
168 73 1
168 77 1
168 107 1
168 108 1
169 171 1
169 6 1
169 58 1
169 70 1
169 73 1
170 174 1
170 183 1
170 184 1
170 186 1
170 189 1
170 195 1
170 198 1
170 14 1
170 33 1
170 42 1
170 47 1
170 50 1
170 54 1
170 56 1
170 63 1
170 64 1
170 76 1
170 82 1
170 84 1
170 95 1
170 100 1
170 103 1
171 175 1
171 185 1
171 6 1
171 7 1
171 11 1
171 16 1
171 18 1
171 58 1
171 62 1
171 70 1
171 73 1
171 77 1
171 81 1
172 173 1
172 176 1
172 184 1
172 195 1
172 31 1
172 33 1
172 42 1
172 51 1
172 54 1
172 56 1
172 72 1
172 76 1
172 82 1
172 84 1
172 110 1
173 176 1
173 195 1
173 31 1
173 33 1
173 42 1
173 51 1
173 54 1
173 56 1
173 61 1
173 82 1
173 84 1
174 183 1
174 184 1
174 186 1
174 189 1
174 195 1
174 196 1
174 5 1
174 29 1
174 33 1
174 42 1
174 44 1
174 47 1
174 54 1
174 56 1
174 76 1
174 78 1
174 82 1
174 83 1
174 95 1
174 103 1
175 178 1
175 190 1
175 194 1
175 198 1
175 3 1
175 6 1
175 7 1
175 11 1
175 42 1
175 43 1
175 62 1
175 66 1
175 77 1
175 81 1
175 84 1
175 89 1
175 93 1
175 99 1
176 184 1
176 195 1
176 22 1
176 31 1
176 33 1
176 42 1
176 49 1
176 50 1
176 51 1
176 54 1
176 56 1
176 72 1
176 76 1
176 82 1
176 84 1
178 190 1
178 194 1
178 41 1
178 45 1
178 71 1
178 77 1
178 89 1
178 92 1
178 100 1
179 181 1
179 197 1
179 198 1
179 3 1
179 4 1
179 7 1
179 8 1
179 9 1
179 11 1
179 28 1
179 37 1
179 38 1
179 42 1
179 58 1
179 66 1
179 73 1
179 80 1
179 84 1
179 88 1
179 93 1
179 94 1
179 106 1
179 107 1
179 108 1
179 109 1
180 198 1
180 22 1
180 26 1
180 27 1
180 42 1
180 50 1
181 182 1
181 185 1
181 187 1
181 189 1
181 197 1
181 198 1
181 3 1
181 4 1
181 6 1
181 8 1
181 11 1
181 12 1
181 15 1
181 18 1
181 22 1
181 26 1
181 32 1
181 37 1
181 38 1
181 40 1
181 41 1
181 42 1
181 43 1
181 48 1
181 49 1
181 56 1
181 58 1
181 66 1
181 67 1
181 73 1
181 77 1
181 80 1
181 84 1
181 88 1
181 93 1
181 96 1
181 104 1
181 106 1
181 107 1
181 108 1
181 109 1
182 22 1
182 34 1
182 40 1
182 41 1
182 42 1
182 66 1
182 67 1
182 80 1
182 85 1
182 94 1
182 106 1
182 107 1
183 184 1
183 5 1
183 33 1
183 47 1
183 54 1
183 56 1
183 63 1
183 64 1
183 76 1
183 78 1
183 100 1
183 103 1
184 186 1
184 189 1
184 195 1
184 196 1
184 5 1
184 29 1
184 33 1
184 42 1
184 44 1
184 47 1
184 54 1
184 56 1
184 61 1
184 63 1
184 64 1
184 72 1
184 76 1
184 78 1
184 82 1
184 83 1
184 86 1
184 95 1
184 100 1
184 103 1
184 110 1
185 195 1
185 6 1
185 16 1
185 18 1
185 36 1
185 58 1
185 66 1
185 70 1
185 73 1
185 97 1
185 104 1
185 106 1
185 107 1
186 189 1
186 195 1
186 196 1
186 198 1
186 14 1
186 18 1
186 33 1
186 37 1
186 38 1
186 42 1
186 47 1
186 50 1
186 54 1
186 56 1
186 66 1
186 76 1
186 82 1
186 84 1
186 94 1
186 95 1
186 103 1
186 108 1
187 194 1
187 22 1
187 26 1
187 32 1
187 38 1
187 42 1
187 48 1
187 49 1
187 56 1
187 66 1
187 81 1
187 84 1
187 108 1
189 195 1
189 196 1
189 29 1
189 30 1
189 33 1
189 39 1
189 42 1
189 44 1
189 47 1
189 54 1
189 56 1
189 61 1
189 76 1
189 78 1
189 82 1
189 83 1
189 86 1
189 95 1
189 103 1
189 110 1
190 194 1
190 7 1
190 8 1
190 10 1
190 20 1
190 23 1
190 40 1
190 41 1
190 45 1
190 77 1
190 89 1
191 55 1
191 61 1
191 72 1
192 193 1
192 194 1
192 11 1
192 15 1
192 18 1
192 22 1
192 26 1
192 27 1
192 30 1
192 32 1
192 36 1
192 38 1
192 42 1
192 53 1
192 77 1
192 81 1
192 85 1
192 87 1
192 94 1
192 102 1
192 104 1
192 105 1
193 194 1
193 11 1
193 15 1
193 18 1
193 22 1
193 26 1
193 27 1
193 30 1
193 36 1
193 38 1
193 42 1
193 53 1
193 77 1
193 81 1
193 85 1
193 87 1
193 94 1
193 102 1
193 104 1
193 105 1
194 197 1
194 198 1
194 3 1
194 4 1
194 11 1
194 14 1
194 15 1
194 27 1
194 30 1
194 32 1
194 37 1
194 38 1
194 41 1
194 42 1
194 48 1
194 49 1
194 53 1
194 62 1
194 66 1
194 77 1
194 81 1
194 84 1
194 89 1
194 102 1
194 104 1
194 105 1
195 196 1
195 29 1
195 30 1
195 31 1
195 33 1
195 36 1
195 42 1
195 44 1
195 47 1
195 49 1
195 51 1
195 54 1
195 56 1
195 58 1
195 61 1
195 66 1
195 70 1
195 72 1
195 73 1
195 76 1
195 78 1
195 82 1
195 83 1
195 86 1
195 95 1
195 97 1
195 103 1
195 104 1
195 106 1
195 110 1
196 29 1
196 33 1
196 42 1
196 44 1
196 54 1
196 56 1
196 76 1
196 78 1
196 82 1
197 198 1
197 3 1
197 4 1
197 8 1
197 9 1
197 10 1
197 11 1
197 12 1
197 14 1
197 27 1
197 28 1
197 37 1
197 38 1
197 41 1
197 42 1
197 62 1
197 73 1
197 77 1
197 80 1
197 81 1
197 84 1
197 88 1
197 89 1
197 93 1
197 106 1
197 109 1
198 3 1
198 4 1
198 8 1
198 9 1
198 10 1
198 11 1
198 12 1
198 14 1
198 22 1
198 26 1
198 27 1
198 28 1
198 37 1
198 38 1
198 41 1
198 42 1
198 50 1
198 62 1
198 73 1
198 75 1
198 77 1
198 80 1
198 81 1
198 84 1
198 88 1
198 89 1
198 93 1
198 98 1
198 106 1
198 109 1
3 4 1
3 8 1
3 9 1
3 10 1
3 11 1
3 12 1
3 14 1
3 27 1
3 28 1
3 37 1
3 38 1
3 41 1
3 42 1
3 62 1
3 73 1
3 77 1
3 80 1
3 81 1
3 84 1
3 88 1
3 89 1
3 93 1
3 106 1
3 109 1
4 8 1
4 9 1
4 10 1
4 11 1
4 12 1
4 14 1
4 27 1
4 28 1
4 37 1
4 38 1
4 41 1
4 42 1
4 62 1
4 73 1
4 75 1
4 77 1
4 80 1
4 81 1
4 84 1
4 88 1
4 89 1
4 93 1
4 98 1
4 106 1
4 109 1
5 33 1
5 44 1
5 47 1
5 54 1
5 64 1
5 76 1
5 78 1
5 82 1
5 83 1
5 86 1
5 100 1
6 7 1
6 11 1
6 16 1
6 18 1
6 58 1
6 62 1
6 70 1
6 73 1
6 77 1
6 81 1
6 88 1
7 8 1
7 10 1
7 11 1
7 62 1
7 67 1
7 77 1
7 81 1
8 9 1
8 10 1
8 11 1
8 12 1
8 14 1
8 27 1
8 28 1
8 37 1
8 38 1
8 41 1
8 42 1
8 62 1
8 73 1
8 77 1
8 80 1
8 84 1
8 88 1
8 89 1
8 93 1
8 106 1
8 109 1
9 10 1
9 11 1
9 12 1
9 14 1
9 15 1
9 27 1
9 28 1
9 37 1
9 38 1
9 41 1
9 62 1
9 77 1
9 89 1
9 94 1
9 98 1
9 99 1
10 11 1
10 12 1
10 14 1
10 27 1
10 28 1
10 37 1
10 38 1
10 41 1
10 62 1
10 71 1
10 77 1
10 89 1
10 98 1
10 99 1
11 12 1
11 14 1
11 15 1
11 27 1
11 28 1
11 30 1
11 37 1
11 38 1
11 41 1
11 42 1
11 53 1
11 62 1
11 73 1
11 77 1
11 80 1
11 81 1
11 84 1
11 88 1
11 89 1
11 93 1
11 102 1
11 104 1
11 105 1
11 106 1
11 109 1
12 14 1
12 27 1
12 28 1
12 37 1
12 38 1
12 41 1
12 62 1
12 77 1
12 80 1
12 87 1
12 89 1
14 27 1
14 28 1
14 37 1
14 38 1
14 41 1
14 42 1
14 45 1
14 50 1
14 62 1
14 77 1
14 80 1
14 81 1
14 84 1
14 89 1
14 93 1
15 20 1
15 21 1
15 22 1
15 26 1
15 27 1
15 28 1
15 30 1
15 38 1
15 43 1
15 53 1
15 61 1
15 77 1
15 80 1
15 81 1
15 102 1
15 104 1
15 105 1
15 106 1
15 107 1
15 108 1
16 17 1
16 18 1
16 32 1
16 36 1
16 48 1
16 58 1
16 59 1
16 66 1
16 70 1
16 73 1
16 104 1
16 107 1
16 108 1
17 18 1
17 66 1
17 70 1
17 73 1
17 108 1
18 30 1
18 32 1
18 36 1
18 37 1
18 38 1
18 42 1
18 48 1
18 49 1
18 53 1
18 59 1
18 66 1
18 70 1
18 73 1
18 94 1
18 102 1
18 104 1
18 105 1
18 107 1
18 108 1
19 55 1
19 60 1
19 61 1
19 65 1
19 76 1
19 82 1
20 21 1
20 22 1
20 23 1
20 26 1
20 27 1
20 40 1
20 41 1
20 43 1
20 61 1
20 77 1
20 89 1
20 92 1
21 22 1
21 26 1
21 27 1
21 43 1
21 61 1
21 77 1
21 89 1
21 94 1
22 26 1
22 27 1
22 30 1
22 34 1
22 38 1
22 42 1
22 43 1
22 49 1
22 50 1
22 53 1
22 61 1
22 77 1
22 80 1
22 84 1
22 85 1
22 87 1
22 94 1
22 102 1
22 104 1
22 105 1
22 106 1
23 25 1
23 40 1
23 41 1
23 89 1
26 27 1
26 30 1
26 38 1
26 42 1
26 43 1
26 49 1
26 50 1
26 53 1
26 61 1
26 66 1
26 77 1
26 84 1
26 85 1
26 87 1
26 94 1
26 102 1
26 104 1
26 105 1
26 108 1
27 28 1
27 30 1
27 37 1
27 38 1
27 41 1
27 42 1
27 43 1
27 50 1
27 53 1
27 61 1
27 62 1
27 77 1
27 81 1
27 89 1
27 102 1
27 104 1
27 105 1
28 37 1
28 38 1
28 41 1
28 62 1
28 71 1
28 77 1
28 89 1
28 94 1
28 98 1
28 99 1
29 33 1
29 44 1
29 47 1
29 61 1
29 86 1
29 95 1
29 110 1
30 36 1
30 38 1
30 42 1
30 49 1
30 53 1
30 59 1
30 77 1
30 81 1
30 85 1
30 87 1
30 94 1
30 102 1
30 104 1
30 105 1
31 33 1
31 42 1
31 51 1
31 54 1
31 56 1
31 61 1
31 76 1
31 82 1
31 84 1
32 36 1
32 42 1
32 48 1
32 49 1
32 58 1
32 59 1
32 66 1
32 73 1
32 81 1
32 84 1
32 88 1
32 96 1
32 104 1
32 107 1
33 42 1
33 44 1
33 47 1
33 51 1
33 54 1
33 56 1
33 61 1
33 63 1
33 64 1
33 76 1
33 78 1
33 82 1
33 83 1
33 86 1
33 95 1
33 100 1
33 103 1
33 104 1
34 42 1
34 80 1
34 85 1
34 94 1
34 106 1
34 107 1
34 108 1
34 109 1
36 42 1
36 48 1
36 53 1
36 58 1
36 59 1
36 66 1
36 70 1
36 73 1
36 87 1
36 96 1
36 97 1
36 102 1
36 104 1
36 105 1
36 106 1
36 107 1
37 38 1
37 41 1
37 42 1
37 45 1
37 62 1
37 66 1
37 73 1
37 77 1
37 80 1
37 81 1
37 84 1
37 88 1
37 89 1
37 93 1
37 94 1
37 106 1
37 108 1
37 109 1
38 41 1
38 42 1
38 48 1
38 49 1
38 53 1
38 62 1
38 66 1
38 73 1
38 75 1
38 77 1
38 80 1
38 81 1
38 84 1
38 88 1
38 89 1
38 93 1
38 94 1
38 98 1
38 102 1
38 104 1
38 105 1
38 106 1
38 108 1
38 109 1
39 63 1
39 64 1
39 76 1
39 91 1
40 41 1
40 67 1
40 89 1
40 107 1
41 45 1
41 62 1
41 67 1
41 71 1
41 75 1
41 77 1
41 81 1
41 89 1
41 98 1
41 100 1
41 107 1
42 43 1
42 44 1
42 47 1
42 48 1
42 49 1
42 50 1
42 51 1
42 53 1
42 54 1
42 56 1
42 58 1
42 59 1
42 66 1
42 70 1
42 71 1
42 72 1
42 73 1
42 76 1
42 77 1
42 80 1
42 81 1
42 82 1
42 84 1
42 85 1
42 87 1
42 88 1
42 93 1
42 94 1
42 95 1
42 96 1
42 99 1
42 102 1
42 103 1
42 104 1
42 105 1
42 106 1
42 108 1
42 109 1
43 61 1
43 66 1
43 77 1
43 99 1
44 52 1
44 54 1
44 56 1
44 63 1
44 76 1
44 78 1
44 82 1
44 83 1
44 88 1
45 71 1
45 89 1
45 100 1
47 54 1
47 56 1
47 61 1
47 63 1
47 64 1
47 76 1
47 78 1
47 82 1
47 83 1
47 86 1
47 95 1
47 100 1
47 103 1
47 110 1
48 49 1
48 59 1
48 66 1
48 81 1
48 84 1
48 104 1
48 107 1
49 50 1
49 56 1
49 58 1
49 66 1
49 70 1
49 73 1
49 77 1
49 81 1
49 84 1
49 96 1
49 105 1
49 108 1
50 84 1
51 54 1
51 56 1
51 61 1
51 82 1
51 84 1
51 110 1
52 76 1
53 59 1
53 77 1
53 81 1
53 85 1
53 87 1
53 94 1
53 102 1
53 104 1
53 105 1
54 56 1
54 61 1
54 64 1
54 76 1
54 78 1
54 82 1
54 83 1
54 84 1
54 86 1
54 95 1
54 100 1
54 103 1
55 61 1
56 58 1
56 61 1
56 63 1
56 64 1
56 69 1
56 72 1
56 76 1
56 78 1
56 82 1
56 83 1
56 84 1
56 86 1
56 88 1
56 92 1
56 95 1
56 100 1
56 103 1
56 106 1
56 107 1
58 59 1
58 66 1
58 70 1
58 73 1
58 80 1
58 88 1
58 96 1
58 97 1
58 104 1
58 106 1
58 107 1
58 108 1
59 66 1
59 87 1
59 96 1
59 102 1
59 104 1
59 105 1
59 107 1
60 65 1
61 72 1
61 76 1
61 77 1
61 82 1
61 92 1
61 110 1
62 75 1
62 77 1
62 80 1
62 81 1
62 89 1
62 98 1
63 64 1
63 76 1
63 88 1
63 91 1
63 100 1
63 103 1
64 76 1
64 78 1
64 82 1
64 83 1
64 86 1
64 100 1
64 103 1
65 91 1
66 70 1
66 73 1
66 77 1
66 80 1
66 81 1
66 84 1
66 88 1
66 94 1
66 97 1
66 99 1
66 104 1
66 106 1
66 107 1
66 108 1
67 107 1
70 73 1
70 97 1
70 104 1
70 106 1
70 108 1
71 89 1
71 98 1
71 99 1
71 100 1
72 76 1
72 82 1
72 83 1
73 80 1
73 84 1
73 88 1
73 93 1
73 97 1
73 104 1
73 106 1
73 107 1
73 108 1
73 109 1
74 96 1
75 77 1
75 81 1
75 94 1
75 98 1
76 78 1
76 82 1
76 83 1
76 86 1
76 95 1
76 100 1
76 103 1
76 110 1
77 80 1
77 81 1
77 89 1
77 98 1
77 102 1
77 104 1
77 105 1
77 106 1
77 107 1
78 82 1
78 83 1
78 86 1
78 100 1
80 84 1
80 85 1
80 88 1
80 93 1
80 94 1
80 104 1
80 106 1
80 107 1
80 108 1
80 109 1
81 84 1
81 98 1
81 102 1
81 104 1
81 105 1
82 83 1
82 86 1
82 95 1
82 100 1
82 103 1
83 86 1
83 95 1
83 100 1
83 103 1
84 88 1
84 93 1
84 104 1
84 106 1
84 109 1
85 87 1
85 94 1
85 102 1
85 104 1
85 105 1
85 106 1
86 95 1
86 100 1
86 104 1
86 110 1
87 94 1
87 102 1
87 104 1
87 105 1
88 93 1
88 104 1
88 106 1
88 107 1
88 108 1
88 109 1
89 94 1
89 100 1
93 94 1
93 106 1
93 109 1
94 102 1
94 104 1
94 105 1
94 106 1
94 108 1
95 103 1
95 110 1
96 104 1
97 104 1
97 106 1
98 99 1
100 103 1
102 104 1
102 105 1
104 105 1
104 106 1
104 107 1
106 107 1
106 108 1
106 109 1
107 108 1
107 109 1
108 109 1