112 1 1
187 176 1
209 198 1
231 220 1
2 242 1
24 13 1
46 35 1
68 57 1
90 79 1
113 101 1
135 124 1
157 146 1
172 168 1
174 173 1
177 175 1
179 178 1
181 180 1
176 182 1
184 183 1
198 185 1
220 186 1
189 188 1
189 190 1
1 191 1
176 192 1
181 193 1
195 194 1
13 196 1
199 197 1
35 200 1
57 201 1
203 202 1
203 204 1
242 205 1
13 206 1
195 207 1
210 208 1
101 211 1
213 212 1
124 214 1
146 215 1
217 216 1
217 218 1
79 219 1
101 221 1
210 222 1
224 223 1
175 225 1
178 226 1
228 227 1
173 229 1
175 230 1
233 232 1
224 234 1
189 235 1
220 236 1
198 237 1
176 238 1
1 239 1
241 240 1
189 243 1
57 244 1
35 245 1
13 246 1
242 247 1
249 248 1
189 250 1
146 251 1
124 252 1
101 3 1
79 4 1
6 5 1
189 7 1
178 8 1
175 9 1
173 10 1
168 11 1
14 12 1
16 15 1
18 17 1
20 19 1
22 21 1
25 23 1
27 26 1
29 28 1
31 30 1
33 32 1
36 34 1
38 37 1
40 39 1
42 41 1
44 43 1
47 45 1
49 48 1
181 50 1
182 50 1
176 51 1
180 51 1
184 52 1
185 52 1
198 53 1
183 53 1
220 54 1
188 54 1
189 55 1
186 55 1
195 56 1
196 56 1
13 58 1
194 58 1
199 59 1
200 59 1
35 60 1
197 60 1
57 61 1
202 61 1
203 62 1
201 62 1
210 63 1
211 63 1
101 64 1
208 64 1
213 65 1
214 65 1
124 66 1
212 66 1
146 67 1
216 67 1
217 69 1
215 69 1
224 70 1
225 70 1
175 71 1
223 71 1
178 72 1
227 72 1
228 73 1
226 73 1
234 74 1
175 74 1
75 203 1
189 203 1
76 217 1
203 217 1
77 228 1
217 228 1
80 78 1
81 78 1
78 82 1
83 82 1
80 84 1
85 84 1
80 25 1
86 25 1
80 27 1
87 27 1
80 88 1
89 88 1
78 91 1
92 91 1
78 33 1
93 33 1
78 36 1
94 36 1
78 95 1
96 95 1
82 97 1
98 97 1
82 42 1
99 42 1
82 44 1
100 44 1
82 102 1
103 102 1
105 104 1
106 104 1
189 107 1
108 107 1
84 109 1
110 109 1
114 111 1
115 111 1
91 116 1
117 116 1
88 118 1
119 118 1
97 120 1
121 120 1
95 122 1
123 122 1
102 125 1
126 125 1
193 127 1
1 127 1
192 127 1
50 187 1
51 187 1
54 231 1
55 231 1
129 128 1
192 128 1
190 128 1
207 130 1
242 130 1
206 130 1
56 24 1
58 24 1
61 68 1
62 68 1
132 131 1
206 131 1
204 131 1
222 133 1
79 133 1
221 133 1
63 113 1
64 113 1
67 157 1
69 157 1
136 134 1
221 134 1
218 134 1
138 137 1
168 137 1
229 137 1
138 139 1
173 139 1
72 179 1
73 179 1
224 140 1
230 140 1
229 140 1
17 141 1
21 141 1
15 142 1
19 142 1
26 143 1
30 143 1
23 144 1
28 144 1
34 145 1
39 145 1
32 147 1
37 147 1
43 148 1
48 148 1
41 149 1
45 149 1
151 150 1
152 150 1
150 153 1
154 153 1
153 155 1
156 155 1
155 158 1
125 158 1
127 112 1
159 112 1
128 159 1
1 159 1
220 129 1
198 129 1
220 184 1
189 184 1
130 2 1
160 2 1
131 160 1
242 160 1
57 132 1
35 132 1
57 199 1
203 199 1
133 90 1
161 90 1
134 161 1
79 161 1
146 136 1
124 136 1
146 213 1
217 213 1
137 172 1
162 172 1
139 174 1
232 174 1
140 162 1
168 162 1
178 224 1
228 224 1
234 138 1
175 138 1
240 163 1
237 163 1
236 241 1
189 241 1
248 164 1
245 164 1
244 249 1
189 249 1
5 165 1
252 165 1
251 6 1
189 6 1
12 166 1
9 166 1
8 14 1
189 14 1
141 151 1
142 151 1
167 151 1
143 152 1
144 152 1
169 152 1
145 154 1
147 154 1
170 154 1
148 156 1
149 156 1
171 156 1
52 209 1
53 209 1
129 75 1
191 75 1
192 75 1
129 181 1
190 181 1
59 46 1
60 46 1
132 76 1
205 76 1
206 76 1
132 195 1
204 195 1
65 135 1
66 135 1
136 77 1
219 77 1
221 77 1
136 210 1
218 210 1
70 177 1
71 177 1
229 233 1
74 233 1
235 105 1
236 105 1
237 16 1
241 16 1
238 18 1
163 18 1
176 114 1
163 114 1
239 114 1
1 80 1
198 80 1
176 80 1
220 80 1
243 85 1
244 85 1
245 86 1
249 86 1
246 87 1
164 87 1
13 89 1
164 89 1
247 89 1
242 81 1
35 81 1
13 81 1
57 81 1
250 92 1
251 92 1
252 93 1
6 93 1
3 94 1
165 94 1
101 96 1
165 96 1
4 96 1
79 83 1
124 83 1
101 83 1
146 83 1
7 98 1
8 98 1
9 99 1
14 99 1
10 100 1
166 100 1
173 103 1
166 103 1
11 103 1
104 167 1
107 167 1
109 169 1
111 169 1
116 170 1
118 170 1
120 171 1
122 171 1