011101110: 3 22 12
011101110: 3 12 22
011100100: 3 10 22
011100100: 3 10 12
010101010: 3 10 19
010101010: 3 10 14
010101010: 3 10 4
011100100: 3 9 22
011100100: 3 9 12
011100100: 3 9 10
010101010: 3 9 18
010101010: 3 9 17
010101010: 3 9 11
011100100: 3 8 22
011100100: 3 8 12
011100100: 3 8 10
011100100: 3 8 9
010101010: 3 8 13
011100100: 3 7 22
011100100: 3 7 12
011100100: 3 7 10
011100100: 3 7 9
011100100: 3 7 8
010101010: 30 7 11
011100100: 3 22 10
011100100: 3 22 9
011100100: 3 22 8
011100100: 3 22 7
011101110: 3 22 12
011101110: 3 22 12
011100100: 3 12 10
011100100: 3 12 9
011100100: 3 12 8
011100100: 3 12 7
011101110: 3 12 22
011101110: 3 12 22
011101110: 3 12 22
011100100: 3 10 22
011100100: 3 10 12
011100100: 3 10 9
011100100: 3 10 8
011100100: 3 10 7
011100100: 3 10 22
011100100: 3 10 12
010101010: 3 10 19
010101010: 3 10 141
010101010: 3 10 4
010101010: 3 10 2
011100100: 3 9 22
011100100: 3 9 12
011100100: 3 9 10
011100100: 3 9 811011
01111000:1 2011100100: 4 10 13
011100100: 4 13 10
011100100: 4 10 13
011100100: 4 10 13
011100100: 8 3 13
011100100: 8 2 13
011100100: 8 2 3
011100100: 8 13 3
011100100: 8 13 2
011100100: 8 3 13
011100100: 8 3 2
011100100: 8 3 13
011100100: 8 2 13
011100100: 8 2 3
011100100: 8 2 13
011100100: 22 8 2 3
011101110: 12 12
 26 22
010110110101110: 20 121 220
:0011 120: 3 9 26 14 7
0111001
1000: 1200100: 2 10 22
011100100: 2 10 12
010101010: 2 10 19
010101010: 2 10 14
010101010: 2 25 10 26 4

0101010100:1110 2 10 311100100: 3 9 22
011100100: 3 9 12
011100100: 3 9 10
010101010: 3 9 18
010101010: 3 9 17
010101010: 3 9 11
010101010: 3 9 2
011100100: 3 8 22
011100100: 3 8 12
011100100: 3 8 10
011100100: 3 8 9
011100100: 3 8 7
011100100: 3 8 22
011100100: 3 8 12
011100100: 3 8 10
011100100: 3 8 9
010101010: 3 8 13
010101010: 3 8 2
011100100: 3 7 22
011100100: 3 7 12
011100100: 3
 7011100100: 2 9 22
011100100: 2 9 12
011100100: 2 9 10
01 100
01110011010001:0 3: 7 2 9 91 18
010111
0010:10: 20 9 17 120 25 22
010101010: 12 25 14
011100100: 12 23 26
011100100: 12 23 25
011100100: 12 22 23
011101110: 12 22 26
011101110: 12 22 25
011101110: 12 22 3
011101110: 12 22 2
011101110: 12 22 1
011100100: 12 21 26
011100100: 12 21 25
011100100: 12 21 23
011100100: 12 21 22
011101110: 12 21 1
011100100: 12 3 26
011100100: 12 3 25
011100100: 12 3 23
011100100: 12 3 21
011101110: 12 3 22
011100100: 12 2 26
011100100: 12 2 25
011100100: 12 211100100: 23 3
 7 80
11100100: 12 2 210
111000110101: 30 70 22
10
00: 12 2 3
011101110: 12 2 22
011100100: 12 1 26
011100100: 12 1 25
011100100: 12 1 23
01110001010101100: 12 1 3
011100100: 12 1 2
011101110: 12 1 22
011101110: 12 1 21
011100100: 12 26 25
011100100: 12 26 23
011100100: 12 26 21
011100100: 12 26 3
011100100: 12 26 2
011100100: 12 26 1
010101010: 12 26 14
011101110: 12 26 22
011101110: 12 26 22
0011100100: 12 25 26
011100100: 12 25 23
011100100: 12 25 21
011100100: 12 25 3
011100100: 12 25 2
011100100: 12 25 1
011100100: 12 25 26
010101010: 12 25 14
011101110: 12 25 22
011101110: 12 25 22
011100100: 12 23 26
011100100: 12 23 25
011100100: 12 23 22
011100100: 12 23 21
011100100: 12 23 3
011100100: 12 23 2
011100100: 12 23 1
011100100: 12 23 26
011100100: 12 23 25
011100100: 12 22 23
011100100: 12 22 21
011100100: 12 22 23
011101110: 12 22 26
011101110: 12 22 25
011101110: 12 22 3
011101110: 12 22 2
011101110: 12 22 1
011101110: 12 22 26
011101110: 12 22 25
011101110: 12 22 3
011101110: 12 22 2
011101110: 12 22 1
1011101110: 12 22 26
011101110: 12 22 25
01111001010: 120 21 261
01111100:0 11 27 241
1001:0100: 3 20: 12 21 25
011100100: 12 21 23
011100100: 12 21 22
011100100: 12 21 3
011100100: 12 21 2
011100100: 12 21 26
011100100: 12 21 25
011100100: 12 21 23
011100100: 12 21 22
011101110: 12 21 1
011101110: 12 21 1
011100100: 12 3 26
011100100: 12 3 25
011100100: 12 3 23
011100100: 12 3 21
011100100: 12 3 2
011100100: 12 3 1
011100100: 12 3 26
011100100: 12 3 25
011100100: 12 3 23
011100100: 12 3 21
010101010: 12 3 10
010101010: 12 3 9
0010101010: 12 3 8
010101010: 12 3 71010
100110:1 1 27 6
010101010: 1 27 5
011101 9101110: 12 3 22
011100100: 12 2 26
011100100: 12 2 25
011100100: 12 2 23
011100100: 12 2 21
011100100: 12 2 3
011100100: 12 2 1
011100100: 12 2 26
011100100: 12 2 25
011100100: 12 2 23
011100100: 12 2 21
011100100: 12 2 3
010101010: 12 2 10
010101010: 12 2 9
010101010: 12 2 8
010101010: 12 2 7
011101110: 12 2 22
011100100: 12 1 26
011100100 7 12
011100100:: 3 12 7 10
01110 10 25
10010: 31 7 9100
100: 120 111100 231
0110100: 3 71 8
010101010: 3 7 11
010101010: 3 7 2
011110010000: 12 11 300: 7
011100: 3 11
011100100: 7 2 11
011100100: 7 2 3
011100100: 7 11 3
011100100: 7 11 2
011100100: 7 3 11
011100100: 7 3 2
011100100: 7 3 11
011100100: 7 2 11
011100100: 7 2 3
011100100: 7 2 11
011100100: 7 2 3
011100100: 11 9 15
011100100: 11 7 15
011100100: 11 7 9
011100100: 11 15 9
011100100: 11 15 7
011100100: 11 9 15
011 1100100: 11 9 7
011100100: 11 9 15
 240 2711100100: 11 7 15
011100100: 11 7 9
011100100: 11 7 15
011100100: 11 7 9
011100100: 15 11 13
011100100: 15 1 13
011100100100: 12 1 2
011100100: 12: 1 15 26
 1 11
011100100: 15 13 11
011100100: 15 13 1
011100
1011101110: 1 24 22
011100100: 1 22 27
011101110: 1 22 24
011101110: 1 22 12
011100100: 1 21 27
011100100: 1 21 24
011100100: 1 21 22
011101110: 1 21 12
011100100: 1 15 27
011100100: 1 15 24
011100100: 1 15 22
0011100100:1 12 1 25
011100100: 12 1 23
011100100: 12 1 3
011100100:1010: 15 120 11 1 2
010101010: 12 1 27
010101010: 12 1 24
010101010: 12 1 15
011101110: 12 1 22
011101110: 12 1 21
011100100: 20 17 19
011100100: 20 19 17
011100100: 20 17 19
011100100: 20 17 19
011101110: 24 27 1
011100100: 24 22 27
011101110: 24 22 1
011101110: 24 1 27
011101110: 24 1 22
011100100: 24 27 22
011101110: 24 27 1
011101110: 24 27 1
011100100: 24 22 27
011100100: 24 22 27
011101110: 24 22 1
011101110: 24 1 27
011101110: 24 1 22
0100: 1 15 21
010101010: 1 15 13
010101010: 1 15 11
011100100: 1 12 27
011100100: 1 12 24
011100100: 1 12 15
011101110: 1 12 22
011101110: 1 12 21
011100100: 1 27 22
011100100: 1 27 21
011100100: 1 27 15
011100100: 1 27 12
010101010: 1 27 6
010101010: 1 27 5
011101110: 1 27 24
011101110: 1 27 24
011100100: 1 24 21
011100100: 1 24 15
011100100: 1 24 12
011101110: 1 24 27
011101110: 1 24 22
011101110: 1 24 27
011101110: 1 24 22
011101110: 1 24 27
011100100: 1 22 27
011100100: 1 22 21
011100100: 1 22 15
011100100: 1 22 27
011101110: 1 22 11 13
011100100: 15 11 1
011100100: 15 11 13
011100100: 15 1 13
011100100: 15 1 11
011100100: 15 1 13
011100100: 15 1 11
011100100: 19 18 20
011100100: 19 14 20
011100100: 19 14 18
011101110: 19 14 10
011100100: 19 10 20
011100100: 19 10 18
011101110: 19 10 14
011100100: 19 20 18
011100100: 19 20 14
011100100: 19 20 10
010101010: 19 20 17
011100100: 19 18 20
011100100: 19 18 14
011100100: 19 18 10
011100100: 19 18 20
010101010: 19 18 13
010101010: 19 18 9
011100100: 19 14 20
011100100: 19 14 18
011100100: 19 14 20
011100100: 19 14 18
011101110: 19 14 10
011100100: 19 10 20
011100100: 19 10 18
01 24
011101110: 1 22 12
011101110: 1 22 24
011101110: 1 22 12
011101110: 1 22 24
011100100: 1 21 27
011100100: 1 21 24
011100100: 1 21 22
011100100: 1 21 15
011100100: 1 21 27
011100100: 1 21 24
011100100: 1 21 22
011101110: 1 21 12
011101110: 1 21 12
011100100: 1 15 27
011100100: 1 15 24
011100100: 1 15 22
011100100: 1 15 21
011100100: 1 15 12
011100100: 1 15 27
011100100: 1 15 24
011100100: 1 15 22
011100100: 1 15 21
010101010: 1 15 13
010101010: 1 15 11
011100100: 1 12 27
011100100: 1 12 24
011100100: 1 12 15
011100100: 1 12 27
011100100: 1 12 24
011100100: 1 12 15
011101110: 1 12 22
011101110: 1 12 21
011101110: 1 12 22
011101110: 1 12 21
011101110: 1 12 22
011101110: 1 12 21
011100100: 5 22 27
011100100: 5 27 22
011100100: 5 22 27
01100100: 19 10 20
011100100: 19 10 18
011101110: 19 10 14
011101110: 27 24 1
011100100: 27 6 24
011100100: 27 5 24
011100100: 27 5 6
011100100: 27 1 6
011100100: 27 1 5
011101110: 27 1 24
011100100: 27 24 6
011100100: 27 24 5
010101010: 27 24 22
011101110: 27 24 1
011100100: 27 6 24
011100100: 27 6 5
011100100: 27 6 1
011100100: 27 6 24
010101010: 27 6 22
010101010: 27 6 13
011100100: 27 5 24
011100100: 27 5 6
011100100: 27 5 1
011100100: 27 5 24
011100100: 27 5 6
010101010: 27 5 22
011100100: 27 1 6
011100100: 27 1 5
011100100: 27 1 6
011100100: 27 1 5
011101110: 27 1 24
11100100: 5 22 27
010101010: 9 18 19
010101010: 9 18 13
011100100: 9 17 18
010101010: 9 17 20
010101010: 9 17 13
011100100: 9 11 18
011100100: 9 11 17
010101010: 9 11 15
011100100: 9 3 18
011100100: 9 3 17

011100100: 9 3 11
011100100: 9 2 18
011100100: 9 2 17
011100100: 9 2 11
011100100: 9 2 3
011100100: 9 18 17
011100100: 9 18 11
011100100: 9 18 3
011100100: 9 18 2
010101010: 9 18 19
010101010: 9 18 13
011100100: 2 7 22
011100100: 2 7 12
011100100: 2 7 10
011100100: 2 7 9
011100100: 2 7 8
010101010: 2 7 11
010101010: 2 7 3
011100100: 2 12 10
011100100: 2 12 9
011100100: 2 12 8
011100100: 2 12 7
011101110: 2 12 22
011101110: 2 12 22
011101110: 2 12 22
011100100: 2 9 22
011100100: 2 9 12
011100100: 2 9 10
011100100: 2 9 8
011100100: 2 9 7
011100100: 2 9 22
011100100: 2 9 12
011100100: 2 9 10
010101010: 2 9 18
010101010: 2 9 17
010101010: 2 9 11
010101010: 2 9 3
011100100: 2 7 22
011100100: 2 7 12
011100100: 2 7 10
011100100: 2 7 9
011100100: 2 7 8
011100100: 2 7 22
011100100: 2 7 12
011100100: 2 7 10
011100100: 2 7 9
011100100: 2 7 8
010101010: 2 7 11
010101010: 2 7 3
011101110: 22 26 12
011100100: 22 25 26
011101110: 22 25 12
011100100: 22 24 26
011100100: 22 24 25
011101110: 22 24 1
010101010: 22 24 27
011100100: 22 12 24
011101110: 22 12 26
011101110: 22 12 25
011101110: 22 12 3
011101110: 22 12 2
011101110: 22 12 1
011100100: 22 6 26
011100100: 22 6 25
011100100: 22 6 24
011100100: 22 6 12
0011100100: 2 8 22
011100100: 2 8 12
011100100: 2 8 10
011100100: 2 8 9
010101010: 2 8 13
010101010: 2 8 3
011100100: 2 22 10
011100100: 2 22 9
011100100: 2 22 8
011100100: 2 22 7
011101110: 2 22 12
011101110: 2 22 12
011100100: 2 10 22
011100100: 2 10 12
011100100: 2 10 9
011100100: 2 10 8
011100100: 2 10 7
011100100: 2 10 22
011100100: 2 10 12
010101010: 2 10 19
010101010: 2 10 14
010101010: 2 10 4
010101010: 2 10 3
011100100: 2 8 22
011100100: 2 8 12
011100100: 2 8 10
011100100: 2 8 9
011100100: 2 8 7
011100100: 2 8 22
011100100: 2 8 12
011100100: 2 8 10
011100100: 2 8 9
010101010: 2 8 13
010101010: 2 8 3
011101110: 26 22 12
011100100: 26 14 22
011100100: 26 12 14
011101110: 26 12 22
011100100: 26 22 14
011101110: 26 22 12
011100100: 26 14 22
011100100: 26 14 12
011100100: 26 14 22
011100100: 26 12 14
011100100: 26 12 14
011101110: 26 12 22
011100100: 18 13 19
011100100: 18 9 19
011100100: 18 9 13
011100100: 18 19 13
011100100: 18 19 9
011100100: 18 13 19
011100100: 18 13 9
011100100: 18 13 19
011100100: 18 9 19
011100100: 18 9 13
011100100: 18 9 19
01110010011100100: 9 11 18
011100100: 9 11 17
011100100: 9 11 3
011100100: 9 11 2
011100100: 9 11 18
011100100: 9 11 17
010101010: 9 11 15
010101010: 9 11 7
011100100: 9 2 18
011100100: 9 2 17
011100100: 9 2 11
011100100: 9 2 3
011100100: 9 2 18
011100100: 9 2 17
011100100: 9 2 11
011100100: 9 2 3
11100100: 22 5 26
011100100: 22 5 25
011100100: 22 5 24
011100100: 22 5 12
011100100: 22 5 6
011100100: 22 3 26
011100100: 22 3 25
011100100: 22 3 24
011100100: 22 3 6
011100100: 22 3 5
011101110: 22 3 12
011100100: 22 2 26
011100100: 22 2 25
011100100: 22 2 24
011100100: 22 2 6
011100100: 22 2 5
011100100: 22 2 3
011101110: 22 2 12
011100100: 22 1 26
011100100: 22 1 25
011100100: 22 1 6
011100100: 22 1 5
011100100: 22 1 3
011100100: 22 1 2
011101110: 22 1 24
011101110: 22 1 12
011100100: 22 26 25
011100100: 22 26 24
011100100: 22 26 6
011100100: 22 26 5
011100100: 22 26 3
011100100: 22 26 2
011100100: 22 26 1
010101010: 22 26 14
011101110: 22 26 12
011101110: 22 26 12
011100100: 22 25 26
011100100: 22 25 24
011100100: 22 25 6
011100100: 22 25 5
011100100: 22 25 3
011100100: 22 25 2
011100100: 22 25 1
011100100: 22 25 26
010101010: 22 25 14
011101110: 22 25 12
011101110: 22 25 12
011100100: 22 24 26
011100100: 22 24 25
011100100: 22 24 12
0101100100: 22 24 6
011100100: 22 24 5
011100100: 22 24 3
011100100: 22 24 2
011100100: 22 24 26
011100100: 22 24 25
:01010101 18011100100: 9 17 18
011100100: 9 17 11
0 9 13
11101110: 21011100100: 9 17 3
011100100: 9 17 2
011100100: 9 17 18
010101010: 9 17 20
010101010: 9 17 13
011100100: 9 3 18
011100100: 9 3 17
011100100: 9 3 11
011100100: 9 3 2
011100100: 9 3 18
011100100: 9 3 17
011100100: 9 3 11
011101110: 25 22 12
011100100: 25 14 22
011100100: 25 12 14
011101110: 25 12 22
 12 1
011101110: 21 1 12
011101110: 21 12 1
011101110: 21 1 12
010101010: 13 18 19
011100100: 13 17 18
010101010: 13 17 20
011100100: 13 16 18
011100100: 13 16 17
011100100: 13 15 18
011100100: 13 15 17
011100100: 13 15 16
011100100: 13 8 18
011100100: 13 8 17
011100100: 13 8 16
011100100: 13 8 15
011100100: 13 6 18
011100100: 13 6 17
011100100: 13 6 16
011100100: 13 6 15
011100100: 13 6 8
011100100: 13 4 18
011100100: 13 4 17
011100100: 13 4 16
011100100: 13 4 15
011100100: 13 4 8
011100100: 13 4 6
011100100: 13 18 17
011100100: 13 18 16
011100100: 13 18 15
011100100: 13 18 8
011100100: 13 18 6
011100100: 13 18 4
0010101010: 13 18 19
010101010: 13 18 9
011100100: 13 17 18
011100100: 13 17 16
011100100: 13 17 15
011100100: 13 17 8
011100100: 13 17 6
011100100: 13 17 4
011100100: 13 17 18
010101010: 13 17 20
010101010: 13 17 9
011100100: 13 16 18
011100100: 13 16 17
011100100: 13 16 15
011100100: 13 16 8
011100100: 13 16 6
011100100: 13 16 4
011100100: 13 16 18
011100100: 13 16 17
011100100: 13 15 18
011100100: 13 15 17
011100100: 13 15 16
011100100: 13 15 8
011100100: 13 15 6
011100100: 13 15 4
011100100: 13 15 18
011100100: 13 15 17
011100100: 13 15 16
010101010: 13 15 11
010101010: 13 15 1
011100100: 13 8 180
011100100: 13 8 17
011100100: 13 8 16
011100100:: 22 13 24 8 27
011101110: 22 24 1
011101110: 22 24 1
011100100: 22 12 24
011100100: 22 12 6
011100100: 22 12 5
011100100: 22 12 24
010101010: 22 12 23
010101010: 22 12 21
011101110: 22 12 26
011101110: 22 12 25
011101110: 22 12 3
011101110: 22 12 2
011101110: 22 12 1
011100100: 22 6 26
011100100: 22 6 25
011100100: 22 6 24
011100100: 22 6 12
011100100: 22 6 5
011100100: 22 6 3
011100100: 22 15
011100100: 13 8 6
011100100: 13 8 4
011100100: 13 8 18
011100100: 13 8 17
011100100: 13 8 16
011100100: 13 8 15
010101010: 13 8 3
010101010: 13 8 2
011100100: 13 6 18
011100100: 13 6 17
011100100: 13 6 16
011100100: 13 6 15
011100100: 13 6 8
011100100: 13 6 4
011100100: 13 6 18
011100100: 13 6 17
011100100: 13 6 16
011100100: 13 6 15
011100100: 13 6 8
010101010: 13 6 27
010101010: 13 6 22
 6 2
011100100: 22 6 1
011100100: 22 6 26
011100100: 22 6 25
011100100: 22 6 24
011100100: 22 6 12
010101010: 22 6 27
010101010: 22 6 13
011100100: 22 5 26
011100100: 22 5 25
011100100: 22 5 24
011100100: 22 5 12
011100100: 22 5 6
011100100: 22 5 3
011100100: 22 5 2
011100100: 22 5 1
011100100: 22 5 26
011100100: 22 5 25
011100100: 22 5 24
011100100: 22 5 12
011100100: 22 5 6
010101010: 22 5 27
011100100: 22 3 26
011100100: 22 3 25
011100100: 22 3 24
011100100: 22 3 6
011100100: 22 3 5
011100100: 22 3 2
011100100: 22 3 1
011100100: 22 3 26
011100100: 22 3 25
011100100: 22 3 24
011100100: 22 3 6
011100100: 22 3 5
010101010: 22 3 10
010101010: 220 3 9
010101010: 22 3 8
010101010: 22 3 7
011101110: 22 3 12
101111001001: 220 2 260
01111001000: 22 20 25
011100100: 22 2 24
011100100: 22 2 6
011100100: 22 2 5
011100100: 22 2 3
011100100: 22 2 1
011100100: 22 2 26
011100100: 22 2 25
011100100: 22 2 24
011100100: 22 2 6
011100100: 22 2 5
011100100: 22 2 3
010101010: 22 2 10
010101010: 22 2 9
010101010: 22 2 8
010101010: 22 2 7
011101110: 22 2 12
011100100: 22 1 26
011100100: 22 1 25
011100100: 22 1 6
011100100: 25 22 14
011101110: 25 22 12
011100100: 25 14 22
011100100: 25 14 12
011100100: 25 14 22
011100100: 25 12 14
011100100: 25 12 14
011101110: 25 12 22
010101010: 17 20 19
011100100: 17 13 20
011100100: 17 9 20
011100100: 17 9 13
011100100: 17 20 13
011100100: 17 20 9
010101010: 17 20 19
011100100: 17 13 20
011100100: 17 13 9
011100100: 17 13 20
011100100: 17 9 20
011100100: 17 9 13
011100100: 17 9 20
011100100: 17 9 13
11101110: 10 19 14
010101010: 10 19 20
010101010: 10 19 18
011101110: 10 14 19
010101010: 10 14 26
010101010: 10 14 25
011100100: 10 4 19
011100100: 10 4 14
011100100: 10 3 19
011100100: 10 3 14
011100100: 10 3 4
011100100: 10 2 19
011100100: 10 2 14
011100100: 10 2 4
011100100: 10 2 3
011100100: 10 19 4
011100100: 10 19 3
011100100: 10 19 2
010101010: 10 19 20
010101010: 10 19 18
011101110: 10 19 14
011101110: 10 19 14
011100100: 10 14 4
011100100: 10 14 3
011100100: 10 14 2
010101010: 10 14 26
010101010: 10 14 25
011101110: 10 14 19
011101110: 10 14 19
0111011100100: 13 4 18
01110: 10 14 19
011100100: 10 4 19
011100100: 10 4 14
011100100: 10 4 3
011100100: 10 4 2
011100100: 10 4 19
011100100: 10 4 14
010101010: 10 4 13
011100100: 10 3 19
011100100: 10 3 14
: 22 1 5
011100100: 22 1 3
011100100: 22 1 2
011100100: 22 1 26
011100100: 22 1 25
011100100: 22 1 6
011100100: 22 1 5
011100100: 22 1 3
011100100: 22 1 2
010101010: 22 1 27
010101010: 22 1 21
010101010: 22 1 15
011101110: 22 1 24
011101110: 22 1 12
010101010: 14 26 22
011100100: 14 25 26
010101010: 14 25 22
011100100: 14 19 26
011100100: 14 19 25
011101110: 14 19 10
011100100: 14 10 26
011100100: 14 10 25
011101110: 14 10 19
011100100: 14 26 25
011100100: 14 26 19
011100100: 14 26 10
010101010: 14 26 22
011100100: 10 2 19
011100100: 10 2 14
011100100: 10 2 4
011100100: 10 2 3
011100100: 10 2 19
011100100: 10 2 14
011100100: 10 2 4
011100100: 10 2 3
011100100: 14 25 26
011100100: 14 25 19
011100100: 14 25 10
011100100: 14 25 26
010101010: 14 25 22
010101010: 14 25 12
011100100: 14 10 26
011100100: 14 10 25
011100100: 14 10 26
011100100: 14 10 25
011101110: 14 10 19
011100100: 6 22 27
011100100: 6 13 27
011100100: 6 13 22
011100100: 6 27 22
011100100: 6 27 13
011100100: 6 22 27
011100100: 6 22 13
011100100: 14 19 26
011100100: 14 19 25
011100100: 14 19 26
011100100: 14 19 25
011101110: 14 19 10
011101110: 14 19 10
011100100: 6 13 27
011100100: 6 13 22
011100100: 6 13 27
011100100: 6 13 22
