011100100: 4 10 13
011100100: 8 3 13
011100100: 8 2 13
011100100: 8 2 3
011101110: 12 26 22
011100100: 12 25 26
011101110: 12 25 22
011100100: 12 23 26
011100100: 12 23 25
011100100: 12 22 23
011101110: 12 22 26
011101110: 12 22 25
011101110: 12 22 3
011101110: 12 22 2
011101110: 12 22 1
01110011101110:0100: 12 1 27 24
011101110: 1 24 27
011101110: 1 24 22
011100100: 1 22 27
011101110: 1 22 24
011101110: 1 22 12
 21011 260
011100100: 12 21 25
011100100: 12 21 23
011100100: 12 21 22
0111011101:11 12 21 11
000100: 1 21 27
011100100: 1 21 24
011100100: 1 21 22
011101110: 1 21 12
011100100: 1 15 27
011100100: 1 15 24
011100100: 1 15 22
011100100: 1 15 21
011100100: 1 12 27
011100100: 1 12 24
011100100: 1 12 15
011101110: 1 12 22
011101110: 1 12 21
011100100: 5 22 27
011100100: 9 17 18
011100100: 9 11 18
011100100: 9 11 17
011100100: 9 3 18
011100100: 9 3 17
011100100: 9 3 11
011100100: 9 2 18
011100100: 9 2 17
011100100: 9 2 11
011100100: 9 2 3
011100100: 13 17 18
011100100: 13 16 18
011100100: 13 16 17
011100100: 13 15 18
011100100: 13 15 17
011100100: 13 15 16
011100100: 13 8 18
011100100: 13 8 17
011100100: 13 8 16
011100100: 13 8 15
011100100: 13 6 18
011100100: 13 6 17
011100100: 13 6 16
011100100: 13 6 15
011100100: 13 6 8
011100100: 13 4 18
011100100: 13 4 17
011100100: 13 4 16
011100100: 13 4 15
011100100: 13 4 8
011100100: 13 4 6
1011100100: 17 13 20
011100100: 17 9 20
011100100: 17 9 13
011101110:1 2110: 12 1
 30 22 12
10110101101110: 3 12 22
011100100: 3 10 22
011100100: 3 10 12
011100100: 3 9 22
011100100: 3 9 12
011100100: 3 9 10
011100100: 3 8 22
011100100: 3 8 12
011100100: 3 8 10
011100100: 3 8 9
011100100: 3 7 22
011100100: 3 7 12
011100100: 3 7 10
011100100: 3 7 9
011100100: 3 7 8
011100100: 7 3 11
011100100: 7 2 11
011100100: 7 2 3
1011100100: 11 9 15
011100100: 11 7 15
011100100: 11 7 9
011100100: 15 11 13
011100100: 15 1 13
011100100: 15 1 11
011100100: 19 18 20
011100100: 19 14 20
011100100: 19 14 18
011101110: 19 14 10
011100100: 19 10 20
011100100: 19 10 18
011101110: 19 10 14
011101110: 27 24 1
011100100: 27 6 24
011100100: 27 5 24
011100100: 27 5 6
011100100: 27 1 6
011100100: 27 1 5
011101110: 27 1 24
011100100: 12 3 26
1101110: 21 1 12
011101110: 25 22 12
011100100: 25 14 22
011100100: 25 12 14
011101110: 25 12 22
1110: 2 22 12
011101110: 2 12 22
011100100: 2 10 22
011100100: 2 10 12
011100100: 2 9 22
011100100: 2 9 12
011100100: 2 9 10
011100100: 2 8 22
011100100: 2 8 12
011100100: 2 8 10
011100100: 2 8 9
011100100: 2 7 22
011100100: 2 7 12
011100100: 2 7 10
011100100: 2 7 9
011100100: 2 7 8
011100100: 12 2 26
011100100: 12 2 25
011100100: 12 2 23
011100100: 12 2 21
011100100: 12 2 3
011101110: 12 2 22
011100100: 20 17 19
011100100: 12 1 26
011100100: 12 1 25
011100100: 12 1 23
011100100: 12 1 3
011100100: 12 1 2
011101110: 12 1 22
011101110: 12 1 21
011101110: 24 27 1
011100100: 24 22 27
011101110: 24 22 1
011101110: 24 1 27
011101110: 24 1 22
011101110: 22 26 12
011100100: 22 25 26
011101110: 22 25 12
011100100: 22 24 26
011100100: 22 24 25
011101110: 22 24 1
011100100: 22 12 24
011101110: 22 12 26
011101110: 26 22 12
011100100: 26 14 22
011100100: 26 12 14
011101110: 26 12 22
011100100: 18 13 19
011100100: 18 9 19
011100100: 18 9 13
011101110: 10 19 14
011101110: 10 14 19
011100100: 10 4 19
011100100: 10 4 14
011100100: 10 3 19
011100100: 10 3 14
011100100: 10 3 4
011100100: 10 2 19
011100100: 10 2 14
011100100: 10 2 4
011100100: 10 2 3
011100100: 22 6 26
011100100: 22 6 25
011100100: 22 6 24
011100100: 22 6 12
011100100: 22 3 26
011100100: 22 3 25
011100100: 22 3 24
011100100: 22 3 6
011100100: 22 3 5
011100100: 22 5 26
011100100: 22 5 25
011100100: 22 5 24
011100100: 22 5 12
011100100: 22 5 6
0101100100: 22 11 2611
00100:0 221 2 261
011100110000: 221 200: 25 22
 1 25
001111001001:10010 220 2 24:
 22 10 6111001
0011100: 22 20 6100: 22
 10 5111001
00111000:100: 22 22 1 2 3 5

0111001010101: 220 20 3
100111001: 22 11 210: 22
 2 120
11101110: 22 1 24
0110111100011001: 6 221 270
: 22 1 12
011100100: 6 13 27
011100100: 6 13 22
011100100: 14 25 26
011100100: 14 19 26
011100100: 14 19 25
011101110: 14 19 10
011100100: 14 10 26
011100100: 14 10 25
011101110: 14 10 19
