011101110: 1 27 24
011101110: 1 24 27
011101110: 1 24 22
011100100: 1 22 27
011101110: 1 22 24
011101110: 1 22 12
011100100: 1 21 27
011100100: 1 21 24
011100100: 1 21 22
011101110: 1 21 12
011100100: 1 15 27
011100100: 1 15 24
011100100: 1 15 22
011100100: 1 15 21
011100100: 1 12 27
011100100: 1 12 24
011100100: 1 12 15
011101110: 1 12 22
011101110: 1 12 21
0011100100: 5 22 27
10111001100: 9 171 180
10110:11 3 22 12
011101110: 3 12 22
1000110110001:0 9 110 18: 3 10
 2201110010011100100: 41 10 131
101110: 200: 9 11 17
011100100: 9 3 18
011100100: 9 3 17
011100100: 9 3 11
011100100: 9 2 18
011100100: 9 2 17
011100100: 9 2 11
011100100: 9 2 3
011100100: 13 17 18
011100100: 13 16 18
011100100: 13 16 17
011100100: 13 15 18
011100100: 13 15 17
011100100: 13 15 16
011100100: 13 8 18
011100100: 13 8 17
011100100: 13 8 16
011100100: 13
 8 15
011100100: 13 6 18
011100100: 13 6 17
011100100: 13 6 16
011100100: 13 6 15
0110100100:1 13 61100100: 8 3 22011100100: 8 3 13

011100100: 13 4 18
011100100: 13 4 17
011100100: 13 4 16
011100100: 13 4 15
011100100: 13 4 8
011100100: 13 4 6
011100100: 17 13 20
011100100: 17 9 20
011100100: 17 9 13
011101110: 21 12 1
011101110: 21 1 12
011101110: 25 22 12
011100100: 25 14 22
011100100: 25 12 14
011101110: 25 12 22
011100100: 8 2 13
 12
011101110: 2 12 22
011100100: 2 10 22
011100100: 2 10 12
011100100: 2 9 22
011100100: 2 9 12
011100100: 2 9 10
011100100: 2 8 22
011100100: 2 8 12
011100100: 2 8 10
011100100: 2 8 9
011100100: 2 7 22
011100100: 2 7 12
011100100: 2 7 10
011100100: 2 7 9
011100100: 2 7 8
011100100: 6 22 27
011100100: 6 13 27
011100100: 6 13 22
011101110: 10 19 14
011101110: 10 14 19
011100100: 10 4 19
011100100: 10 4 14
011100100: 10 3 19
011100100: 10 3 14
011100100: 10 3 4
011100100: 10 2 19
011100100: 10 2 14
011100100: 10 2 4
011100100: 10 2 3
 10011100100: 14 19 26
011101110: 14 19 10
011100100: 14 10 26
011101110: 14 10 19
011100100: 18 13 19
011100100: 18 9 19
011100100: 18 9 13
011101110: 22 26 12
011100100: 22 24 26
011101110: 22 24 1
011100100: 22 12 24
011101110: 22 12 26
011101110: 22 12 3
011101110: 22 12 2
011101110: 22 12 1
011100100: 22 6 26
011100100: 22 6 24
011100100: 22 6 12
011100100: 22 5 26
011100100: 22 5 24
011100100: 22 5 12
011100100: 22 5 6
011100100: 22 3 26
011100100: 22 3 24
011100100: 22 3 6 12
011100
100: 22 30 5
10111101100101010: 22: 3 3 9 12 22

011100100: 30 91 121
1001000: 22 2 26
011100100: 22 2 24
011100100: 22 2 6
0111000101110110101100: 31 90 10
: 24011100100: 3 8 22
011100100: 3 8 12
011100100: 3 8 10
011100100: 3 8 9
011100100: 3 7 22
011100100: 3 7 12
011100100: 3 7 10
011100100: 3 7 9
011100100: 3 7 8
011100100: 7 3 11
011100100: 7 2 11
011100100: 7 2 3
011100100: 11 9 15
011100100: 11 7 15
011100100: 11 7 9
011100100: 15 11 13
011100100: 15 1 13
011100100: 15 1 11
011100100: 19 18 20
011100100: 19 14 20
011100100: 19 14 18
011101110: 19 14 10
1000: 2211 21 50
0010101:100100 19: 10 20 22
 2 3 27 1
011100100: 24 22 27
011101110: 24 22 1
0111011
100: 24 11 27
0110101110: 221 2 121
11001100: 19 10 18
011101110: 19 10 14
01110: 24 10 2211101110: 27 24 1
011100100: 27 6 24
011100100: 27 5 24
011100100: 27 5 6
011100100: 27 1 6
011100100: 27 1 5
011101110: 27 1 24

011100100: 22 1 26
11100100: 20 17 19
011101110: 12 26 22
011100100: 12 25 26
011101110: 12 25 22
011100100: 12 23 26
011100100: 12 23 25
011100100: 12 22 23
011101110: 12 22 26
011101110: 12 22 25
011101110: 12 22 3
011101110: 12 22 2
011101110: 12 22 1
011100100: 12 21 26
011100100: 12 21 25
011100100: 12 21 23
011100100: 12 21 22
011101110: 12 21 1
011100100: 12 3 26
011100100