011101110: 1 27 24
011101110: 1 24 27
011101110: 1 24 22
011100100: 1 22 27
011101110: 1 22 24
011101110: 1 22 12
011100100: 1 21 27
011100100: 1 21 24
011100100: 1 21 22
011101110: 1 21 12
011100100: 1 15 27
011100100: 1 15 24
011100100: 1 15 22
011100100: 1 15 21
011100100: 1 12 27
011100100: 1 12 24
011100100: 1 12 15
011101110: 1 12 22
011101110: 1 12 21
011100100: 5 22 27
011100100: 9 17 18
011100100: 9 11 18
011100100: 9 110 17
011100100: 9 3 18
011100100: 9 3 17
011100100: 9 3 11
011100100: 9 2 18
011100100: 9 2 17
011100100: 9 2 11
011100100: 9 2 3
011100100: 13 17 18
011100100: 13 16 18
011100100: 13 16 17
011100100: 13 15 18
011100100: 13 15 17
011100100: 13 15 16
011100100: 13 81 18
011100100: 13 8 17
011100100: 13 8 16
011100100: 13 8 15
011100100: 13 6 18
011100100: 13 6 17
011100100: 13 6 16
10111100100:011 131 60: 15
01 2011100100: 4 101 13
100100: 13 6 8
011100100:011100 13 22 4 18
011100100: 13 4 17
011100100: 13 4 16
011100100: 13 4 15
0111 120
0100: 13 4 8
011100100: 13 40 611101
110: 2101 12 22
011100100: 2 10 22
011100100: 2 10 12
011100100: 2 9 22
011100100: 2 9 12
011100100: 2 9 10
011100100: 2 8 22
011100100: 2 8 12
011100100: 2 8 10
011100100: 2 8 9
011100100: 2 7 22
011100100: 2 7 12
011100100: 2 7 10
011100100: 2 7 9
011100100: 2 7 8
011100100: 6 22 27
011100100: 6 13 27
011100100: 6 13 22
011101110: 10 19 14
011101110: 10 14 19
011100100: 10 4 19
011100100: 10 4 14
011100100: 10 3 19
011100100: 10 3 14
011100100: 101 3 4
011100100: 10 2 19
011100100: 10 2 14
011100100: 10 2 4
011100100: 10 2 3
011100100: 14 25 26
011100100: 14 19 26
011100100: 14 19 25
011101110: 14 19 10
011100100: 14 10 26
011100100: 14 10 25
011101110: 14 10 19
011100100: 18 13 19
011100100: 18 9 19
011100100: 18 9 13
011101110: 22 26 12
011100100: 22 25 26
011101110: 22 25 12
1011100100: 22 24 26
011100100: 22 24 25
011101110: 22 24 1
00100:01 171 13 2010
0100: 220 121 24
110001111000: 171 9110: 22 20 12
 2601
1011001110100: 171010: 22 121 91 13
101110 25:
 301110 22 12
011101110: 3 12 22
011100100: 3 10 22
011100100: 3 10 12
011100100: 3 9 22
011100100: 3 9 12
011100100: 3 9 10
011100100: 3 8 22
011100100: 3 8 12
011100100: 3 8 10
011100100: 3 8 9
011100100: 3 7 22
011100100: 3 7 12
011100100: 3 7 10
011100100: 3 7 9
011100100: 3 7 8
011100100: 7 3 11
011100100: 7 2 11
011100100: 7 2 3
11101110: 21 12 1
011101110: 21 1 12
011101110: 25 22 12
011100100: 25 14 22
011100100: 25 12 14
011101110: 25 12 22
00: 8 3 13
01110: 22 12 3
011101110: 22 12 2
011101110: 22 12 1
011100100: 22 6 26
011100100: 22 6 25
011100100: 22 6 24
011100100: 22 6 12
011100100: 22 5 26
011100100: 22 5 25
011100100: 22 5 24
011100100: 22 5 12
011100100: 22 5 6
011100100: 22 3 26
011100100: 22 3 25
011100100: 22 3 240
011100100: 22 3 6
011100100: 22 3 5
011101110: 22 31 12
1100100:0 8 2 13
011100100: 8 2 3
10111011001111110:10 240 2710 1
011100100: 24 22 27
011101110: 24 22 1
011101110: 24 1 27
011101110: 24 1 22
100: 11 9 15
011100100: 11 7 15
011100100: 11 7 9
011100100: 15 11 13
011100100: 15 1 13
011100100: 15 1 11
011100100: 19 18 20
011100100: 19 14 20
011100100: 19 14 18
011101110: 19 14 10
011100100: 19 10 20
011100100: 19 10 18
011101110: 19 10 14
011101110: 27 24 1
011100100: 27 6 24
011100100: 27 5 24
011100100: 27 5 6
011100100: 27 1 6
011100100: 27 1 5
011101110: 27 11 24
00100: 22 2 26
011100100: 22 2 25
011100100: 22 2 24
011100100: 22 2 6
011100100: 22 2 5
011100100: 22 2 3
011101110: 22 2 12
011100100: 22 1 26
011100100: 22 1 25
011100100: 22 1 6
011100100: 22 1 5
011100100: 22 1 3
011100100: 22 1 2
011101110: 22 1 24
011101110: 22 1 12
011101110: 26 22 12
011100100: 26 14 22
011100100: 26 12 14
011101110: 26 12 22
0100: 20 17 19
011101110: 12 26 22
011100100: 12 25 26
011101110: 12 25 22
011100100: 12 23 26
011100100: 12 23 25
011100100: 12 22 23
011101110: 12 22 26
011101110: 12 22 25
011101110: 12 22 3
011101110: 12 22 2
011101110: 12 22 1
011100100: 12 21 26
011100100: 12 21 25
011100100: 12 21 23
011100100: 12 21 22
011101110: 12 21 1
011100100: 12 3 26
011100100: 12 3 25
011100100: 12 3 23
011100100: 12 3 21
011101110: 12 3 22
011100100: 12 2 26
011100100: 12 1 26
011100100: 12 1 25
011100100: 12 1 23
011100100: 12 1 3
011100100: 12 1 2
011101110: 12 1 22
011101110: 12 1 21
